2685752
6279880
6416260
7243107
7805683
9434266
10267301
10542365
12035005
15685240
16076653
18280483
20812686
27305926
27845089
30877218
32910912
34497650
40496223
40573758
40810391
42591604
44358930
45339016
45841482
45842772
48677856
48680540
48684655
48690095
50679263
57934665
59197341
62890910
67038470
69551865
69741383
71638956
73046844
73048467
73652893
74886373
75087155
75093237
75536390
76804996
76969215
77573283
77616227
78215152
78437444
78439322
78563308
78718821
78923187
79041233
79116852
79344956
80172408
80386130
80386206
80880833
80937093
81060678
81371639
81477017
81584870
81609788
81933932
82250681
82261055
82632187
82644969
82750646
82810099
82810905
82822979
82856249
82915300
82936592
83264022
83336673
83351508
83375251
83423007
83451953
83514466
83589912
83668195
83684309
83822347
83919463
84144183
84154597
84171803
84299034
87284068
88364803
88605892
97423004
97670308
98907406
103015989
111018876
111019834
111719616
133856677
133859739
133861647
133897665
133926841
133933885
133941546
133943258
133950894
133958052
134012085
134013936
134044244
134047186
134070828
134089109
134090042
134105841
134148696
134150998
134153066
134191939
134196283
134196495
134200872
134210658
134217287
134218688
134221695
134222160
134223120
134227117
134230320
134273788
134273857
134300928
134300943
134307842
134324749
134361546
134363890
134364843
